cudaMemcpy from device state: 0
0 1.271779 0.000000
1 2.291477 -0.977339
2 1.614067 -1.692022
3 0.719324 -1.970525
4 -0.130006 -1.784082
5 -0.707981 -1.250622
6 -0.899368 -0.584042
7 -0.728999 -0.012141
8 -0.338028 0.304182
9 0.080427 0.319968
10 0.358607 0.107136
11 0.413478 -0.189025
12 0.266503 -0.416800
13 0.019750 -0.479606
14 -0.197726 -0.367868
15 -0.288249 -0.151135
16 -0.223846 0.062268
17 -0.050287 0.177735
18 0.141530 0.155255
19 0.261318 0.021979
20 0.260522 -0.146533
21 0.150892 -0.265285
22 -0.006000 -0.279872
23 -0.131302 -0.189298
24 -0.166962 -0.042427
25 -0.101488 0.088457
26 0.027735 0.143257
27 0.155169 0.101727
28 0.219860 -0.009253
29 0.194190 -0.131053
30 0.095326 -0.202900
31 -0.025173 -0.191044
32 -0.107646 -0.103687
33 -0.113343 0.014757
34 -0.042238 0.106519
35 0.068412 0.128848
36 0.163387 0.074157
37 0.196828 -0.027449
38 0.154199 -0.123902
39 0.058478 -0.167081
40 -0.041984 -0.136115
41 -0.097610 -0.046915
42 -0.081810 0.056374
43 -0.003536 0.123477
44 0.097704 0.122689
45 0.171652 0.056129
46 0.182081 -0.041731
47 0.124427 -0.121345
48 0.027755 -0.142567
49 -0.059778 -0.094341
50 -0.094730 0.000000
fft_magnitude = [1.617423, 6.206060, 5.468152, 4.400397, 3.199850, 2.065293, 1.149968, 0.531587, 0.206789, 0.108848, 0.140077, 0.206695, 0.244747, 0.230412, 0.174422, 0.105929, 0.053984, 0.034118, 0.044135, 0.068770, 0.089343, 0.093144, 0.078364, 0.053074, 0.029676, 0.018124, 0.021292, 0.034426, 0.048424, 0.054885, 0.050256, 0.037131, 0.022339, 0.013064, 0.013130, 0.021282, 0.032194, 0.039495, 0.039129, 0.031336, 0.020290, 0.011729, 0.009871, 0.015259, 0.024599, 0.032615, 0.034895, 0.030207, 0.021096, 0.012474, 0.008974, ]
